[karlstad1.jpg]
moddate=bd93557eb165cd01
width=450
height=301
text=1;153;30;Mohammad Rajiullah's&#010;Home page;Georgia;0.424734,0.059264,0.072222,0.000000;v1,4290230199,4278321666,128.000000,1.000000,1.000000,1.000000,400,2,49152;;
textactive=1
[karlstad.jpg]
filters=picnik=1;
moddate=43a77c07b365cd01
width=450
height=301
textactive=0
